

A = [5 2 0; 9 10 11; 13 14 15];

B = [8 10 4; 75 12 14; 23 25 14];

C = A + B;

D = A - B;