

skaler = 4;

A = [6 2 1; 3 10 4; 9 8 7];

result1 = skaler * A;

B = [5 2 4 ; 4 8 7 ; 4 5 6];

result2 = A * B ;
result3 = B * A;

M = [2 8 3; 5 4 1];
N = [4 1 ; 6 3; 2 4];
result4 = M*N;